0	29.5	-145.5
0.008	37.07	-145.7
0.017	44.49	-145.4
0.025	52.06	-145.5
0.033	59.22	-145
0.042	66.65	-144.7
0.05	73.95	-144.4
0.058	81.13	-144.5
0.067	88.51	-144.2
0.075	95.38	-143.8
0.083	102.5	-143.4
0.092	109.6	-143.2
0.1	116.2	-142.8
0.108	123.4	-142.3
0.117	129.9	-141.8
0.125	136.5	-141
0.133	143.2	-140.3
0.142	149.6	-139.7
0.15	156.2	-139.4
0.158	162.4	-138.9
0.167	168.5	-138.2
0.175	174.4	-137.7
0.183	180.3	-137.2
0.192	186.2	-136.7
0.2	191.7	-135.7
0.208	197.3	-135.3
0.217	202.6	-134.5
0.225	207.6	-133.7
0.233	212.6	-132.9
0.242	217.7	-132.2
0.25	222.3	-131.7
0.258	226.6	-130.7
0.267	231.5	-130.4
0.275	235.6	-129.5
0.283	239.6	-128.7
0.292	243.8	-128.2
0.3	247.2	-128
0.308	250.9	-127.1
0.317	254.2	-127
0.325	257.6	-126.4
0.333	260.4	-125.7
0.342	263.4	-125.4
0.35	266	-124.9
0.358	268.9	-124.2
0.367	271.2	-124.3
0.375	273.2	-124
0.383	275.2	-123.6
0.392	277.1	-123.5
0.4	278.4	-122.7
0.408	280	-122.8
0.417	281.3	-122.6
0.425	282.4	-122.3
0.433	283.3	-122.3
0.442	283.4	-122
0.45	283.7	-121.5
0.458	284	-121.4
0.467	283.7	-121.5
0.475	283.4	-121.7
0.483	283	-121.4
0.492	282.1	-121.9
0.5	281.3	-122
0.508	280.5	-122.2
0.517	279.2	-122.6
0.525	277.7	-122.5
0.533	275.8	-122.6
0.542	274.2	-123.5
0.55	272.2	-123.8
0.558	270.1	-124.3
0.567	267.8	-124.5
0.575	264.8	-124.7
0.583	262.1	-125.5
0.592	259.1	-126
0.6	256	-126.5
0.608	252.6	-126.8
0.617	249.2	-127.4
0.625	245.3	-127.8
0.633	241.7	-128.3
0.642	237.4	-128.9
0.65	233.3	-129.6
0.658	228.9	-130.2
0.667	224.3	-131.2
0.675	219.4	-131.7
0.683	214.3	-132
0.692	209.7	-132.6
0.7	204.4	-133.4
0.708	199.3	-134.1
0.717	193.8	-134.6
0.725	188.3	-135.3
0.733	182.3	-136
0.742	176.6	-136.4
0.75	170.3	-137
0.758	164.3	-137.7
0.767	158.2	-138.4
0.775	151.8	-138.7
0.783	145.4	-139.3
0.792	138.8	-139.7
0.8	132.3	-140.4
0.808	125.4	-140.8
0.817	118.8	-141.3
0.825	111.7	-141.7
0.833	104.6	-141.8
0.842	97.74	-142.4
0.85	90.47	-142.9
0.858	83.41	-143.2
0.867	76.14	-143.6
0.875	68.86	-143.8
0.883	61.89	-144
0.892	54.51	-144.2
0.9	47.07	-144.7
0.908	39.51	-144.9
0.917	32.04	-144.9
0.925	24.62	-144.8
0.933	17.17	-144.8
0.942	9.69	-144.7
0.95	2.239	-144.8
0.958	-5.191	-144.5
0.967	-12.79	-144.6
0.975	-19.89	-144.6
0.983	-26.97	-144.4
0.992	-34.52	-144
1	-41.93	-144
1.008	-49.12	-143.7
1.017	-56.7	-143.5
1.025	-63.8	-143.1
1.033	-70.89	-142.6
1.042	-77.94	-142.4
1.05	-85	-141.7
1.058	-91.96	-141.5
1.067	-98.93	-140.8
1.075	-105.6	-140.3
1.083	-112.6	-139.6
1.092	-118.9	-138.8
1.1	-125.2	-138.2
1.108	-131.8	-137.4
1.117	-138	-137.2
1.125	-144.2	-136.5
1.133	-150.4	-135.7
1.142	-156.5	-134.9
1.15	-162.2	-134.2
1.158	-167.8	-133.5
1.167	-173.6	-132.8
1.175	-179.2	-132.2
1.183	-184.6	-131.6
1.192	-189.7	-130.8
1.2	-194.7	-130
1.208	-199.7	-129.5
1.217	-204.8	-128.8
1.225	-209.3	-127.9
1.233	-213.9	-127.2
1.242	-218.1	-126.5
1.25	-222.5	-125.9
1.258	-226.5	-125.5
1.267	-230.5	-124.9
1.275	-233.9	-124.2
1.283	-237.5	-123.8
1.292	-240.8	-123
1.3	-243.9	-122.6
1.308	-246.7	-121.9
1.317	-249.5	-121.6
1.325	-252.2	-121
1.333	-254.5	-120.5
1.342	-256.8	-120
1.35	-258.7	-119.6
1.358	-260.6	-119.1
1.367	-262.2	-119
1.375	-263.5	-118.6
1.383	-264.7	-118.5
1.392	-265.5	-118.3
1.4	-266.6	-118
1.408	-267	-117.9
1.417	-267.5	-117.9
1.425	-267.7	-117.8
1.433	-267.6	-117.7
1.442	-267.6	-117.7
1.45	-267.1	-117.7
1.458	-266.7	-117.8
1.467	-265.9	-117.9
1.475	-264.8	-118.1
1.483	-263.5	-118.4
1.492	-262.3	-118.5
1.5	-260.8	-118.8
1.508	-259.1	-119
1.517	-257.2	-119.5
1.525	-255.3	-119.8
1.533	-253.1	-119.9
1.542	-250.6	-120.2
1.55	-247.9	-120.8
1.558	-244.8	-121.3
1.567	-241.8	-121.8
1.575	-238.5	-122.4
1.583	-234.9	-122.8
1.592	-231.2	-123.3
1.6	-227.6	-123.9
1.608	-223.8	-124.5
1.617	-219.7	-125.3
1.625	-215.5	-125.8
1.633	-211	-126.5
1.642	-206.2	-126.9
1.65	-201.4	-127.6
1.658	-196.6	-128.2
1.667	-191.7	-129
1.675	-186.4	-129.6
1.683	-180.7	-130.4
1.692	-175.5	-130.9
1.7	-169.7	-131.6
1.708	-163.9	-132.2
1.717	-158.5	-132.9
1.725	-152.5	-133.5
1.733	-146.2	-134.1
1.742	-140.1	-134.7
1.75	-133.8	-135.3
1.758	-127.5	-135.8
1.767	-121.1	-136.4
1.775	-114.6	-136.9
1.783	-108	-137.7
1.792	-101.2	-137.9
1.8	-94.25	-138.2
1.808	-87.57	-138.8
1.817	-80.47	-139.4
1.825	-73.45	-139.8
1.833	-66.47	-140
1.842	-59.24	-140.3
1.85	-51.97	-140.7
1.858	-44.68	-140.8
1.867	-37.49	-141
1.875	-30.07	-141.4
1.883	-22.85	-141.7
1.892	-15.31	-141.8
1.9	-8.17	-141.7
1.908	-0.977	-141.9
1.917	6.336	-141.8
1.925	13.66	-141.7
1.933	21.41	-141.6
1.942	28.65	-141.5
1.95	35.98	-141.4
1.958	43.23	-141.4
1.967	50.56	-141.1
1.975	57.45	-141
1.983	64.9	-140.6
1.992	72.12	-140.5
2	79.35	-140.2
2.008	86.21	-140
2.017	93.26	-139.7
2.025	100.3	-139.4
2.033	107.3	-138.8
2.042	114.3	-138.4
2.05	120.9	-137.6
2.058	127.4	-137.2
2.067	133.9	-136.8
2.075	140.4	-136.4
2.083	146.6	-135.7
2.092	152.7	-134.8
2.1	159.1	-134.6
2.108	165	-134
2.117	171	-133.3
2.125	176.7	-132.6
2.133	182.1	-132
2.142	187.9	-131
2.15	193.1	-130.8
2.158	198.6	-130.2
2.167	203.5	-129.6
2.175	208.3	-129
2.183	213.3	-128.3
2.192	217.7	-127.5
2.2	222.4	-127.1
2.208	226.8	-126.6
2.217	230.8	-125.8
2.225	234.8	-125.3
2.233	238.5	-124.8
2.242	242.3	-124.3
2.25	245.7	-123.7
2.258	249.1	-123.4
2.267	252.2	-122.8
2.275	255.4	-122.3
2.283	258.2	-122.2
2.292	260.7	-121.5
2.3	263.4	-121.2
2.308	265.4	-120.9
2.317	267.4	-120.6
2.325	269.5	-120.3
2.333	270.8	-119.6
2.342	272.4	-119.6
2.35	273.7	-119.3
2.358	274.5	-118.9
2.367	275.3	-118.9
2.375	276.1	-119
2.383	276.8	-118.4
2.392	277.3	-118.7
2.4	277.3	-118.7
2.408	277.3	-118.6
2.417	277	-119
2.425	276.6	-118.6
2.433	275.7	-118.7
2.442	274.6	-118.7
2.45	273.5	-118.9
2.458	272.4	-119.4
2.467	270.9	-119.5
2.475	269.3	-120.1
2.483	267.5	-120.3
2.492	265.3	-120.8
2.5	263.3	-121.3
2.508	260.7	-121.4
2.517	258.1	-122.3
2.525	255.3	-122.7
2.533	252.4	-123.2
2.542	249.3	-123.7
2.55	246.1	-124.3
2.558	242.5	-124.7
2.567	238.9	-125
2.575	234.8	-125.8
2.583	230.8	-126.5
2.592	226.5	-127.1
2.6	222.2	-127.7
2.608	217.9	-128.2
2.617	213.2	-129.3
2.625	208.3	-129.8
2.633	203.4	-130.5
2.642	198.3	-131
2.65	193.2	-131.7
2.658	187.9	-132.1
2.667	182.4	-133
2.675	176.5	-133.7
2.683	170.6	-134
2.692	164.8	-134.5
2.7	158.6	-134.9
2.708	152.5	-135.6
2.717	146.5	-136.3
2.725	139.9	-136.7
2.733	133.6	-137
2.742	126.9	-137.7
2.75	120.3	-138.1
2.758	113.8	-138.6
2.767	107.1	-139.2
2.775	100.1	-139.6
2.783	93.14	-139.8
2.792	86.18	-139.9
2.8	79.37	-140.4
2.808	72.15	-140.8
2.817	65.14	-141
2.825	58.14	-141.2
2.833	50.85	-141.4
2.842	43.47	-141.5
2.85	36.24	-141.6
2.858	28.97	-141.6
2.867	21.57	-141.7
2.875	14.26	-141.7
2.883	6.882	-141.6
2.892	-0.707	-141.7
2.9	-7.795	-141.5
2.908	-15.18	-141.2
2.917	-22.55	-141.2
2.925	-29.87	-141
2.933	-37.14	-140.6
2.942	-44.39	-140.2
2.95	-51.52	-139.7
2.958	-58.65	-139.5
2.967	-65.69	-138.9
2.975	-72.74	-138.5
2.983	-79.88	-137.9
2.992	-86.64	-137.4
3	-93.68	-136.7
3.008	-100.3	-136.1
3.017	-106.9	-135.6
3.025	-113.5	-134.8
3.033	-119.8	-134.3
3.042	-126.6	-133.5
3.05	-132.8	-132.8
3.058	-139	-131.8
3.067	-145.1	-131.3
3.075	-151.4	-130.6
3.083	-157.3	-129.8
3.092	-163.2	-128.9
3.1	-168.8	-128.3
3.108	-174.3	-127.4
3.117	-179.8	-126.8
3.125	-184.8	-126
3.133	-190.1	-125.4
3.142	-195	-124.5
3.15	-199.9	-123.7
3.158	-204.6	-122.8
3.167	-209.1	-122.2
3.175	-213.5	-121.5
3.183	-217.8	-120.8
3.192	-221.7	-119.9
3.2	-225.5	-118.8
3.208	-229.2	-118.1
3.217	-233	-117.7
3.225	-236.3	-117.2
3.233	-239.5	-116.6
3.242	-242.6	-115.8
3.25	-245.5	-114.9
3.258	-248.1	-114.2
3.267	-250.5	-113.8
3.275	-252.8	-113.1
3.283	-254.9	-112.8
3.292	-256.6	-112.2
3.3	-258.1	-111.7
3.308	-259.6	-111.3
3.317	-261.2	-111
3.325	-262.2	-110.7
3.333	-263	-110.5
3.342	-263.6	-110.3
3.35	-264	-110
3.358	-264.6	-109.9
3.367	-264.8	-109.8
3.375	-264.7	-109.5
3.383	-264.4	-109.5
3.392	-263.9	-109.6
3.4	-263.3	-109.3
3.408	-262.5	-109.3
3.417	-261.6	-109.4
3.425	-260.5	-109.4
3.433	-259.2	-109.7
3.442	-257.7	-109.5
3.45	-255.9	-109.5
3.458	-253.8	-109.8
3.467	-251.8	-110
3.475	-249.5	-110.3
3.483	-247	-110.8
3.492	-244.3	-110.7
3.5	-241.4	-111.2
3.508	-238.4	-111.6
3.517	-235.2	-111.8
3.525	-231.7	-112.3
3.533	-228.3	-112.8
3.542	-224.5	-113.1
3.55	-220.5	-113.6
3.558	-216.2	-114.1
3.567	-212.1	-114.7
3.575	-207.7	-115.3
3.583	-203.3	-115.9
3.592	-198.4	-116.5
3.6	-193.6	-116.7
3.608	-188.5	-117.4
3.617	-183.4	-117.9
3.625	-178	-118.3
3.633	-172.7	-118.9
3.642	-167.1	-119.3
3.65	-161.5	-119.6
3.658	-155.6	-120.1
3.667	-149.9	-120.7
3.675	-143.9	-121
3.683	-137.7	-121.4
3.692	-131.6	-121.8
3.7	-125.2	-122.1
3.708	-118.7	-122.6
3.717	-112.2	-122.7
3.725	-105.7	-123.3
3.733	-99.05	-123.8
3.742	-92.46	-123.9
3.75	-85.37	-124.2
3.758	-78.49	-124.6
3.767	-71.6	-124.8
3.775	-64.65	-125
3.783	-57.59	-125.3
3.792	-50.45	-125.6
3.8	-43.21	-125.8
3.808	-35.93	-125.7
3.817	-28.75	-125.9
3.825	-21.5	-125.7
3.833	-14.28	-125.7
3.842	-6.965	-125.8
3.85	0.345	-125.7
3.858	7.848	-125.6
3.867	15.04	-125.7
3.875	22.43	-125.4
3.883	29.47	-125.3
3.892	36.51	-125
3.9	43.82	-124.7
3.908	51.14	-124.4
3.917	58.25	-124.2
3.925	65.17	-123.8
3.933	72.47	-123.5
3.942	79.62	-123.1
3.95	86.64	-122.5
3.958	93.44	-121.9
3.967	100.2	-121.5
3.975	106.8	-120.8
3.983	113.6	-120.4
3.992	120.1	-119.8
4	126.9	-119.1
4.008	133.2	-118.8
4.017	139.7	-118.1
4.025	145.7	-117.6
4.033	151.6	-116.8
4.042	157.8	-116.3
4.05	163.5	-115.5
4.058	169.4	-114.7
4.067	175.3	-114.1
4.075	180.7	-113.4
4.083	186.1	-112.9
4.092	191.5	-112
4.1	196.6	-111.5
4.108	201.5	-110.9
4.117	206.6	-110.1
4.125	211.3	-109.7
4.133	215.6	-108.9
4.142	220.3	-108.3
4.15	224.5	-107.6
4.158	228.6	-106.8
4.167	232.6	-106.3
4.175	236.3	-105.7
4.183	240	-105.4
4.192	243.5	-104.6
4.2	246.5	-103.9
4.208	249.8	-103.1
4.217	252.6	-102.7
4.225	255.4	-102.4
4.233	257.8	-101.6
4.242	260.2	-101.5
4.25	262.3	-100.8
4.258	264.3	-100.6
4.267	266.3	-100.4
4.275	267.5	-99.84
4.283	269.2	-99.82
4.292	270.4	-99.47
4.3	271.4	-99.37
4.308	272.3	-99.32
4.317	272.5	-98.81
4.325	273.2	-98.8
4.333	273.6	-98.47
4.342	273.6	-98.49
4.35	273.5	-98.48
4.358	273.1	-98.8
4.367	272.6	-98.47
4.375	271.9	-98.34
4.383	271	-98.43
4.392	269.7	-98.69
4.4	268.2	-98.94
4.408	266.6	-98.89
4.417	265.2	-99.42
4.425	263.2	-99.71
4.433	261.2	-99.92
4.442	258.7	-99.77
4.45	256.5	-100.4
4.458	253.9	-100.5
4.467	251.2	-101.4
4.475	248.1	-101.9
4.483	245.3	-102.4
4.492	241.9	-102.5
4.5	238.5	-103.2
4.508	234.6	-103.6
4.517	230.8	-104.1
4.525	226.5	-104.7
4.533	222.5	-105.1
4.542	218.1	-105.8
4.55	213.8	-106.1
4.558	208.8	-106.6
4.567	204.3	-107.2
4.575	199.3	-107.9
4.583	194.3	-108.4
4.592	189	-108.6
4.6	183.6	-109.5
4.608	178	-109.9
4.617	172.6	-110.5
4.625	166.7	-110.9
4.633	161	-111.6
4.642	155.2	-112.3
4.65	148.9	-112.7
4.658	143	-113.1
4.667	136.5	-113.7
4.675	130.1	-114.6
4.683	123.6	-114.9
4.692	117.1	-115.6
4.7	110.6	-115.7
4.708	104.2	-116.1
4.717	97.21	-116.7
4.725	90.43	-117.1
4.733	83.35	-117.6
4.742	76.3	-117.8
4.75	69.61	-118
4.758	62.56	-118.4
4.767	55.47	-118.5
4.775	48.2	-118.8
4.783	40.7	-118.7
4.792	33.36	-118.9
4.8	26.27	-118.9
4.808	19.1	-118.8
4.817	11.94	-118.6
4.825	4.504	-118.7
4.833	-2.563	-118.7
4.842	-10.22	-118.6
4.85	-17.49	-118.3
4.858	-24.38	-118.1
4.867	-31.68	-118.1
4.875	-38.87	-118.1
4.883	-46.07	-118.1
4.892	-53.53	-117.8
4.9	-60.4	-117.5
4.908	-67.6	-116.8
4.917	-74.24	-116.4
4.925	-81.27	-116.2
4.933	-88.51	-115.8
4.942	-95.24	-115.5
4.95	-102	-114.9
4.958	-108.3	-114.2
4.967	-114.8	-113.8
4.975	-121.2	-113.4
4.983	-127.8	-112.8
4.992	-133.9	-112.2
5	-139.9	-111.7
5.008	-145.9	-110.8
5.017	-151.7	-110.1
5.025	-157.5	-109.7
5.033	-163.5	-108.9
5.042	-168.8	-108.6
5.05	-174.6	-107.7
5.058	-179.8	-106.9
5.067	-184.7	-106.1
5.075	-190.1	-105.6
5.083	-195.1	-105.1
5.092	-200	-104.5
5.1	-204.8	-103.8
5.108	-209.1	-103.2
5.117	-213.3	-102.7
5.125	-217.3	-102.2
5.133	-221.7	-101.8
5.142	-225.3	-101.3
5.15	-229.2	-100.6
5.158	-232.5	-100.1
5.167	-236	-99.64
5.175	-239.3	-98.95
5.183	-242.3	-98.65
5.192	-244.9	-98.23
5.2	-247.7	-97.78
5.208	-250	-97.2
5.217	-252.5	-96.8
5.225	-254.5	-96.51
5.233	-256.2	-96.27
5.242	-258.2	-95.79
5.25	-259.5	-95.46
5.258	-260.6	-95.33
5.267	-261.8	-95.09
5.275	-262.9	-94.86
5.283	-263.5	-94.71
5.292	-264	-94.72
5.3	-264.2	-94.65
5.308	-264.5	-94.67
5.317	-264.5	-94.54
5.325	-264.4	-94.72
5.333	-263.8	-94.72
5.342	-263.3	-94.7
5.35	-262.6	-94.95
5.358	-261.5	-94.88
5.367	-260.2	-95.02
5.375	-259	-95.58
5.383	-257.5	-96.11
5.392	-255.8	-96.56
5.4	-253.8	-96.75
5.408	-251.6	-97.18
5.417	-249.4	-97.66
5.425	-247	-97.94
5.433	-244.2	-98.56
5.442	-241.3	-99.07
5.45	-238.4	-99.72
5.458	-235.4	-100.2
5.467	-231.9	-100.8
5.475	-228.4	-101.3
5.483	-224.7	-102
5.492	-221	-102.9
5.5	-216.9	-103.6
5.508	-212.7	-103.8
5.517	-208.3	-104.4
5.525	-203.7	-104.8
5.533	-199.1	-105.7
5.542	-194.4	-106.3
5.55	-189.5	-106.8
5.558	-184.5	-107.3
5.567	-179.3	-107.8
5.575	-174	-108.6
5.583	-168.9	-109.6
5.592	-163.2	-110.1
5.6	-157.5	-110.9
5.608	-151.5	-111.4
5.617	-145.7	-112.2
5.625	-139.8	-112.9
5.633	-133.6	-113.4
5.642	-127.5	-114.1
5.65	-121.2	-114.6
5.658	-114.6	-115.2
5.667	-108.3	-115.7
5.675	-101.9	-116.4
5.683	-95.2	-116.8
5.692	-88.67	-117.5
5.7	-81.73	-117.7
5.708	-74.63	-118.2
5.717	-67.85	-118.6
5.725	-60.82	-118.8
5.733	-53.91	-119.3
5.742	-46.89	-119.6
5.75	-39.73	-120.1
5.758	-32.62	-120.1
5.767	-25.51	-120.5
5.775	-18.4	-120.7
5.783	-11.47	-120.7
5.792	-4.087	-121.2
5.8	2.611	-121
5.808	9.812	-120.9
5.817	16.89	-120.7
5.825	23.85	-120.9
5.833	30.82	-120.8
5.842	37.85	-120.5
5.85	44.8	-120.6
5.858	51.8	-120.4
5.867	58.85	-120.1
5.875	65.56	-119.9
5.883	72.34	-119.7
5.892	79.18	-119.5
5.9	85.96	-118.8
5.908	92.45	-118.4
5.917	99.1	-117.9
5.925	105.8	-117.6
5.933	112.3	-117.5
5.942	118.3	-116.9
5.95	124.9	-116.4
5.958	131.2	-116.3
5.967	137.1	-115.8
5.975	143.3	-115.4
5.983	149.2	-114.8
5.992	155.2	-114.6
6	160.8	-113.8
6.008	166.5	-113.3
6.017	171.8	-112.5
6.025	176.9	-111.6
6.033	182	-111.5
6.042	187.1	-111.5
6.05	191.7	-110.7
6.058	196.6	-110.2
6.067	201	-109.6
6.075	205.6	-109.2
6.083	209.9	-108.6
6.092	214.2	-108.4
6.1	218	-107.9
6.108	222.1	-107.4
6.117	225.5	-106.7
6.125	229.4	-106
6.133	232.5	-105.6
6.142	236	-105.3
6.15	238.6	-104.8
6.158	241.5	-104.4
6.167	243.9	-103.5
6.175	246.4	-103.4
6.183	248.8	-103
6.192	250.5	-102.9
6.2	252.5	-102.7
6.208	254.3	-102.5
6.217	255.6	-102
6.225	257.4	-102.2
6.233	258.2	-102
6.242	259.3	-101.9
6.25	260.1	-101.9
6.258	260.9	-101.4
6.267	261.3	-101.7
6.275	261.5	-101.5
6.283	261.5	-101.5
6.292	261.2	-101.8
6.3	261.3	-102.2
6.308	260.4	-102
6.317	259.4	-101.8
6.325	258.7	-102
6.333	257.6	-102.5
6.342	256.3	-103.1
6.35	254.7	-103.1
6.358	253.1	-103.9
6.367	251.1	-103.9
6.375	249.3	-104.3
6.383	247	-104.4
6.392	244.7	-105.1
6.4	241.8	-105.3
6.408	238.7	-105.6
6.417	235.8	-106
6.425	232.6	-106.5
6.433	229.4	-107.2
6.442	225.8	-107.5
6.45	222.2	-108.4
6.458	218.2	-108.9
6.467	214.4	-109.4
6.475	210.3	-110.2
6.483	205.9	-110.5
6.492	201.4	-111.4
6.5	196.5	-111.9
6.508	192.3	-112.4
6.517	187.5	-113.1
6.525	182.3	-113.7
6.533	177.2	-114.5
6.542	172.2	-115.3
6.55	166.5	-115.8
6.558	161	-116.5
6.567	155.4	-116.8
6.575	149.6	-117.2
6.583	143.4	-118
6.592	137.6	-118.4
6.6	131.3	-118.9
6.608	125.5	-119.4
6.617	119.3	-119.9
6.625	112.7	-120.3
6.633	106.1	-120.9
6.642	99.64	-121.3
6.65	93.02	-121.9
6.658	86.42	-122.3
6.667	79.81	-122.5
6.675	73.05	-122.8
6.683	66.21	-123.3
6.692	59.2	-123.6
6.7	52.36	-123.8
6.708	45.29	-123.9
6.717	38.32	-123.8
6.725	31.28	-124
6.733	24.18	-124.2
6.742	17.23	-124.3
6.75	10.02	-124.5
6.758	3.093	-124.6
6.767	-3.862	-124.6
6.775	-11.21	-124.2
6.783	-18.01	-124.3
6.792	-25.43	-124.4
6.8	-32.46	-124.5
6.808	-39.6	-124.3
6.817	-46.61	-124.3
6.825	-53.35	-124
6.833	-60.41	-124.2
6.842	-67.54	-123.9
6.85	-74.25	-123.4
6.858	-81.21	-123
6.867	-88.02	-122.7
6.875	-94.79	-122.3
6.883	-101.5	-121.8
6.892	-107.9	-121.4
6.9	-114.5	-121
6.908	-120.9	-120.6
6.917	-127.1	-119.8
6.925	-133.4	-119.4
6.933	-139.5	-118.9
6.942	-145.7	-118.6
6.95	-151.7	-117.9
6.958	-157.4	-117.5
6.967	-163.2	-116.5
6.975	-168.8	-115.9
6.983	-174	-115.3
6.992	-179.7	-114.8
7	-184.9	-114.1
7.008	-189.9	-113.5
7.017	-194.8	-113
7.025	-199.4	-112.2
7.033	-204.2	-111.6
7.042	-208.8	-111.1
7.05	-213.2	-110.7
7.058	-217.3	-110.1
7.067	-221.4	-109.7
7.075	-225.1	-109.1
7.083	-228.8	-108.8
7.092	-232.1	-108.3
7.1	-235.5	-108
7.108	-238.8	-107.7
7.117	-241.6	-107
7.125	-244.5	-106.7
7.133	-247.2	-106.4
7.142	-249.6	-106.2
7.15	-252.2	-106
7.158	-254.3	-105.7
7.167	-256.2	-105.2
7.175	-258.2	-105
7.183	-259.7	-104.6
7.192	-261.1	-104.6
7.2	-262.4	-104.4
7.208	-263.4	-104.1
7.217	-264.3	-103.9
7.225	-264.8	-103.8
7.233	-265.3	-103.7
7.242	-265.6	-103.7
7.25	-265.7	-103.9
7.258	-265.6	-103.8
7.267	-265.1	-103.7
7.275	-264.7	-103.7
7.283	-264	-103.9
7.292	-263.1	-104
7.3	-262.2	-104.6
7.308	-261.1	-104.8
7.317	-259.7	-105
7.325	-257.9	-105.5
7.333	-256.1	-105.6
7.342	-254	-106
7.35	-252.2	-106.6
7.358	-249.8	-107
7.367	-247.3	-107.6
7.375	-244.7	-108
7.383	-241.4	-108.6
7.392	-238.3	-109.1
7.4	-235.5	-109.9
7.408	-231.9	-110.5
7.417	-228.3	-110.9
7.425	-224.5	-111.4
7.433	-220.6	-112
7.442	-216.6	-112.5
7.45	-212.3	-113.3
7.458	-207.9	-114.3
7.467	-203.3	-114.7
7.475	-198.6	-115.4
7.483	-193.7	-116.1
7.492	-189	-116.9
7.5	-183.9	-117.7
7.508	-178.6	-118.2
7.517	-173.4	-118.7
7.525	-167.8	-119.4
7.533	-162.3	-120.1
7.542	-156.6	-120.7
7.55	-150.8	-121.5
7.558	-144.8	-122
7.567	-138.6	-122.7
7.575	-132.5	-123.4
7.583	-126.4	-124.1
7.592	-120.4	-124.7
7.6	-113.7	-125.5
7.608	-107.4	-125.8
7.617	-100.8	-126.4
7.625	-94.03	-126.6
7.633	-87.43	-126.9
7.642	-80.58	-127.3
7.65	-73.76	-128.1
7.658	-66.99	-128.5
7.667	-59.96	-128.7
7.675	-52.71	-129.1
7.683	-45.66	-129.5
7.692	-38.63	-129.6
7.7	-31.65	-129.8
7.708	-24.48	-129.9
7.717	-17.17	-129.9
7.725	-10.36	-129.9
7.733	-2.928	-129.9
7.742	4.265	-130.2
7.75	11.4	-130.3
7.758	18.43	-130.4
7.767	25.52	-130.4
7.775	32.52	-130.2
7.783	39.45	-130.3
7.792	46.39	-129.9
7.8	53.31	-129.9
7.808	60.36	-129.7
7.817	67.34	-129.4
7.825	74.14	-129.3
7.833	80.79	-128.7
7.842	87.34	-128.7
7.85	94.15	-128.5
7.858	100.7	-128.2
7.867	107.2	-128
7.875	113.4	-127.7
7.883	119.9	-127.4
7.892	125.7	-126.9
7.9	132	-126.5
7.908	137.6	-125.8
7.917	143.7	-125.3
7.925	149.3	-124.9
7.933	155.2	-124.5
7.942	160.5	-123.7
7.95	166.2	-123.5
7.958	171.4	-122.8
7.967	176.7	-122.3
7.975	181.6	-121.6
7.983	186.6	-121.1
7.992	191.3	-120.8
8	196.2	-120.4
8.008	200.6	-119.7
8.017	205.1	-119.3
8.025	209.4	-118.8
8.033	213.5	-118.2
8.042	217.4	-117.8
8.05	221.3	-117.5
8.058	224.8	-116.8
8.067	228.1	-116.6
8.075	231.3	-115.9
8.083	234.5	-115.6
8.092	237.6	-115.1
8.1	240.3	-115.1
8.108	242.6	-114.7
8.117	245.3	-114.5
8.125	247.4	-113.9
8.133	249.3	-113.7
8.142	251.3	-113.5
8.15	253.1	-113.4
8.158	254.7	-113.2
8.167	255.6	-112.9
8.175	256.7	-112.5
8.183	257.7	-112.5
8.192	258.3	-112.6
8.2	259	-112.2
8.208	259	-112.8
8.217	259.3	-112.7
8.225	259.4	-112.7
8.233	259	-112.9
8.242	258.7	-112.6
8.25	258.3	-113.2
8.258	257.5	-113.4
8.267	256.4	-113.6
8.275	255.4	-113.8
8.283	254.4	-113.9
8.292	253	-114.6
8.3	251.3	-114.8
8.308	249.7	-115
8.317	247.5	-115.6
8.325	245.4	-116.1
8.333	243.1	-116.8
8.342	240.7	-117.1
8.35	237.8	-117.6
8.358	234.7	-118.3
8.367	231.7	-118.8
8.375	228.7	-119.3
8.383	225.3	-119.9
8.392	222	-120.5
8.4	218.4	-121.1
8.408	214.5	-121.6
8.417	210.6	-122.2
8.425	206.2	-122.8
8.433	202.1	-123.6
8.442	197.5	-123.9
8.45	192.8	-124.5
8.458	188.1	-125.4
8.467	183.1	-125.8
8.475	178.3	-126.4
8.483	172.8	-126.7
8.492	167.4	-127.6
8.5	161.9	-128.2
8.508	156.1	-128.9
8.517	150.4	-129.4
8.525	144.6	-130
8.533	138.5	-130.5
8.542	132.5	-131.4
8.55	126.3	-132
8.558	120	-132.7
8.567	113.4	-133.2
8.575	106.9	-133.5
8.583	100.2	-134
8.592	93.88	-134.4
8.6	86.95	-135.1
8.608	80.03	-135.8
8.617	73.28	-136
8.625	66.4	-136.3
8.633	59.39	-136.5
8.642	52.66	-137.2
8.65	45.42	-137.3
8.658	38.56	-137.8
8.667	31.28	-137.8
8.675	24.31	-137.9
8.683	17.37	-137.8
8.692	10.44	-137.7
8.7	3.377	-137.9
8.708	-3.643	-137.9
8.717	-10.87	-137.9
8.725	-17.82	-137.7
8.733	-24.73	-137.7
8.742	-31.49	-137.7
8.75	-38.37	-137.7
8.758	-45.42	-137.6
8.767	-52.42	-137.4
8.775	-59.19	-137.3
8.783	-65.7	-137.2
8.792	-72.16	-137.2
8.8	-78.94	-137.1
8.808	-85.54	-136.8
8.817	-91.93	-136.5
8.825	-98.32	-135.9
8.833	-104.7	-135.7
8.842	-111.2	-134.8
8.85	-117.5	-134.5
8.858	-123.5	-134.2
8.867	-129.7	-133.8
8.875	-135.3	-133.1
8.883	-141.1	-132.5
8.892	-147.1	-131.8
8.9	-152.8	-131.6
8.908	-158.5	-130.9
8.917	-163.8	-130.5
8.925	-168.9	-129.7
8.933	-173.8	-129.1
8.942	-179.2	-128.5
8.95	-184.3	-128.2
8.958	-189.5	-127.7
8.967	-194.2	-127.2
8.975	-198.9	-126.6
8.983	-203.3	-126
8.992	-207.7	-125.5
9	-211.9	-125
9.008	-215.9	-124.7
9.017	-220.3	-124
9.025	-224	-123.6
9.033	-227.5	-123
9.042	-230.8	-122.7
9.05	-233.9	-122.3
9.058	-237.3	-122
9.067	-240.3	-121.6
9.075	-242.9	-121.1
9.083	-245.4	-120.8
9.092	-247.7	-120.4
9.1	-249.8	-119.9
9.108	-251.7	-119.6
9.117	-253.4	-119.1
9.125	-255.3	-118.9
9.133	-256.6	-118.4
9.142	-257.8	-118.2
9.15	-258.9	-118
9.158	-259.6	-117.6
9.167	-260	-117.4
9.175	-260.6	-117.2
9.183	-260.6	-117.2
9.192	-260.5	-117.2
9.2	-260.3	-117.1
9.208	-260.1	-117.2
9.217	-259.5	-117.4
9.225	-258.7	-117.4
9.233	-257.7	-117.4
9.242	-256.6	-117.4
9.25	-255.2	-117.6
9.258	-253.8	-117.9
9.267	-251.9	-118.2
9.275	-249.8	-118.3
9.283	-247.8	-118.7
9.292	-245.5	-119
9.3	-242.9	-119.6
9.308	-240.5	-119.9
9.317	-237.7	-120.3
9.325	-234.9	-120.8
9.333	-231.6	-121.2
9.342	-228.5	-121.7
9.35	-225.2	-122.2
9.358	-221.8	-122.8
9.367	-218.1	-122.9
9.375	-214.3	-123.5
9.383	-210.4	-123.8
9.392	-206	-124.2
9.4	-202.2	-124.7
9.408	-197.8	-125.4
9.417	-193.4	-125.8
9.425	-188.4	-126.2
9.433	-183.8	-126.7
9.442	-178.7	-127.3
9.45	-173.7	-127.8
9.458	-168.6	-128.4
9.467	-163.4	-128.9
9.475	-157.7	-129.4
9.483	-152.3	-129.8
9.492	-146.4	-130.3
9.5	-141	-130.9
9.508	-134.9	-131.4
9.517	-128.9	-131.8
9.525	-122.7	-132.4
9.533	-116.8	-132.7
9.542	-110.4	-133.1
9.55	-104.2	-133.6
9.558	-97.99	-134.5
9.567	-91.55	-134.8
9.575	-84.93	-135.1
9.583	-78.45	-135.6
9.592	-71.99	-135.7
9.6	-65.25	-135.8
9.608	-58.68	-136.2
9.617	-51.89	-136.7
9.625	-45.18	-136.6
9.633	-38.3	-136.6
9.642	-31.68	-136.7
9.65	-24.93	-136.7
9.658	-17.67	-136.7
9.667	-11.22	-136.9
9.675	-4.25	-136.6
9.683	2.66	-136.4
9.692	9.411	-136.3
9.7	16.47	-136.1
9.708	22.92	-135.8
9.717	29.82	-135.5
9.725	36.57	-135.3
9.733	43.27	-134.8
9.742	50.4	-134.3
9.75	57.2	-134.1
9.758	63.81	-133.7
9.767	70.36	-133.3
9.775	76.98	-132.8
9.783	83.46	-132.3
9.792	89.96	-131.6
9.8	96.39	-131.2
9.808	102.5	-130.7
9.817	108.8	-130.2
9.825	115.1	-129.7
9.833	121	-128.8
9.842	127.3	-128.4
9.85	133.1	-127.8
9.858	139	-127.4
9.867	144.7	-126.7
9.875	150.3	-126.1
9.883	155.7	-125.4
9.892	160.8	-124.8
9.9	166.1	-124.1
9.908	171.1	-123.7
9.917	176.2	-122.9
9.925	181.2	-122.1
9.933	185.7	-121.3
9.942	190.2	-120.5
9.95	194.4	-119.9
9.958	198.7	-119.2
9.967	202.5	-118.7
9.975	206.6	-118.1
9.983	210.3	-117.6
9.992	214.1	-116.9
10	217.5	-116.2
10.008	220.6	-115.7
10.017	223.5	-115
10.025	226.6	-114.5
10.033	229.2	-114
10.042	231.9	-113.3
10.05	234.2	-112.9
10.058	236.6	-112.5
10.067	238.6	-112.2
10.075	240.4	-111.8
10.083	242.3	-111.6
10.092	243.6	-110.9
10.1	244.7	-110.5
10.108	246	-110.6
10.117	247.2	-110.3
10.125	248.3	-110.4
10.133	248.7	-109.8
10.142	249.1	-109.9
10.15	249.4	-109.7
10.158	249.4	-109.6
10.167	249.4	-109.6
10.175	249.2	-109.8
10.183	248.7	-109.6
10.192	248.1	-109.9
10.2	247.3	-110
10.208	246.3	-110
10.217	245.5	-110.2
10.225	244.1	-110.7
10.233	242.5	-110.6
10.242	240.7	-110.6
10.25	238.6	-110.9
10.258	236.8	-111.1
10.267	234.4	-111.6
10.275	231.7	-111.8
10.283	229.4	-112.4
10.292	226.5	-112.7
10.3	223.4	-113
10.308	220.5	-113.4
10.317	217.3	-114
10.325	213.6	-114.5
10.333	210.3	-115.2
10.342	206.4	-115.4
10.35	202.4	-115.9
10.358	198.5	-116.5
10.367	194.4	-116.8
10.375	190	-117.6
10.383	185.4	-118
10.392	181.1	-118.6
10.4	176.2	-118.9
10.408	171.4	-119.4
10.417	166.3	-119.9
10.425	161.4	-120.6
10.433	156	-120.9
10.442	151	-121.2
10.45	145.2	-121.9
10.458	139.5	-122.4
10.467	133.8	-123.1
10.475	128	-123.4
10.483	121.8	-123.7
10.492	115.8	-124.2
10.5	109.5	-124.5
10.508	103.3	-125.1
10.517	97.11	-125.5
10.525	90.56	-125.7
10.533	84.21	-126
10.542	77.74	-125.8
10.55	71.41	-126.4
10.558	64.71	-126.6
10.567	58.01	-126.7
10.575	51.25	-126.9
10.583	44.54	-126.8
10.592	37.74	-126.9
10.6	30.98	-126.8
10.608	24.18	-127.2
10.617	17.41	-127.5
10.625	10.33	-127.4
10.633	3.577	-127.4
10.642	-3.188	-127.5
10.65	-10.19	-127.5
10.658	-16.89	-127.6
10.667	-23.69	-127.3
10.675	-30.45	-127.4
10.683	-37.35	-127.4
10.692	-44.11	-127.4
10.7	-50.99	-127.2
10.708	-57.72	-126.9
10.717	-64.48	-126.6
10.725	-71.13	-126.5
10.733	-77.78	-126
10.742	-84.11	-125.4
10.75	-90.62	-125
10.758	-97.24	-124.8
10.767	-103.7	-124.4
10.775	-110	-123.7
10.783	-116	-123.2
10.792	-122.3	-122.8
10.8	-128.3	-121.9
10.808	-134.2	-121.6
10.817	-140.4	-121.1
10.825	-146.3	-120.5
10.833	-151.7	-120
10.842	-156.9	-119.5
10.85	-162.5	-118.8
10.858	-167.7	-118.5
10.867	-172.9	-117.9
10.875	-177.8	-117.4
10.883	-182.9	-116.8
10.892	-187.7	-116.2
10.9	-192.1	-115.6
10.908	-196.8	-115.2
10.917	-201.3	-114.7
10.925	-205.5	-114.3
10.933	-209.6	-113.9
10.942	-213.5	-113.4
10.95	-217.4	-112.7
10.958	-221.2	-112.3
10.967	-224.9	-112
10.975	-227.9	-111.5
10.983	-231.3	-110.9
10.992	-234.2	-110.4
11	-237.2	-110
11.008	-239.9	-109.8
11.017	-242.5	-109.6
11.025	-244.8	-109.5
11.033	-247	-109
11.042	-248.7	-108.5
11.05	-250.7	-108.3
11.058	-252.5	-108
11.067	-253.9	-107.7
11.075	-255.2	-107.6
11.083	-256.2	-107.4
11.092	-257.3	-107.2
11.1	-257.8	-107.3
11.108	-258.4	-107.2
11.117	-258.9	-107.3
11.125	-258.8	-107.4
11.133	-258.8	-107.4
11.142	-258.7	-107.3
11.15	-258.5	-107.4
11.158	-258	-107.6
11.167	-257.2	-107.7
11.175	-256.6	-107.7
11.183	-255.4	-107.9
11.192	-254	-107.9
11.2	-252.3	-108.3
11.208	-250.9	-108.8
11.217	-248.7	-109.1
11.225	-246.9	-109.7
11.233	-244.6	-110.3
11.242	-242.4	-110.6
11.25	-239.6	-111.2
11.258	-237	-111.9
11.267	-234.2	-112.4
11.275	-231.1	-112.9
11.283	-227.8	-113.5
11.292	-224.3	-114
11.3	-220.9	-114.5
11.308	-217.4	-115.4
11.317	-213.6	-116.2
11.325	-209.7	-117
11.333	-205.4	-117.4
11.342	-201.2	-117.7
11.35	-196.7	-118.3
11.358	-192.2	-119.1
11.367	-187.7	-120.1
11.375	-182.9	-121.1
11.383	-177.9	-121.7
11.392	-172.8	-122
11.4	-167.6	-122.4
11.408	-162.4	-123.1
11.417	-157.2	-123.9
11.425	-151.7	-124.4
11.433	-146.2	-125
11.442	-140.6	-125.9
11.45	-134.6	-126.4
11.458	-128.8	-127
11.467	-122.6	-127.9
11.475	-116.7	-128.4
11.483	-110.5	-128.9
11.492	-104.3	-129.4
11.5	-97.9	-129.8
11.508	-91.59	-130.5
11.517	-85.24	-130.9
11.525	-78.71	-131.5
11.533	-72.29	-131.9
11.542	-65.27	-132.3
11.55	-59.08	-132.6
11.558	-52.62	-132.9
11.567	-46.14	-133
11.575	-39.42	-133.2
11.583	-32.61	-133.8
11.592	-25.9	-133.8
11.6	-18.89	-133.9
11.608	-11.98	-134.3
11.617	-5.446	-134.2
11.625	1.312	-134.6
11.633	8.217	-134.7
11.642	15.1	-134.5
11.65	21.79	-134.5
11.658	28.43	-134.6
11.667	35	-134.7
11.675	41.64	-134.6
11.683	48.3	-134.7
11.692	55.27	-134.6
11.7	61.8	-134.2
11.708	68.24	-134.4
11.717	74.48	-134.3
11.725	80.72	-134.3
11.733	86.84	-133.8
11.742	93.12	-133.8
11.75	99.49	-133.1
11.758	105.3	-133
11.767	111.4	-132.8
11.775	117.3	-132.3
11.783	123.3	-132.1
11.792	129	-131.6
11.8	134.5	-131.2
11.808	139.9	-130.7
11.817	145.4	-130.6
11.825	150.6	-130.2
11.833	155.6	-129.7
11.842	160.5	-129
11.85	165.5	-128.7
11.858	170.4	-128.3
11.867	175.1	-127.9
11.875	179.6	-127.4
11.883	183.9	-126.7
11.892	188.2	-126.5
11.9	192.2	-125.9
11.908	196.4	-125.4
11.917	199.9	-124.7
11.925	203.6	-124.4
11.933	207.2	-124.3
11.942	210.5	-123.7
11.95	213.5	-123.4
11.958	216.5	-122.8
11.967	219.5	-122.4
11.975	222.3	-122.3
11.983	224.6	-121.9
11.992	227	-121.5
12	229.3	-121.3
12.008	231.2	-121
12.017	233.3	-120.8
12.025	235.1	-120.7
12.033	236.9	-120.2
12.042	238.3	-120.4
12.05	239.4	-120.3
12.058	240.5	-120.3
12.067	241.3	-120.5
12.075	242.1	-120.6
12.083	242.5	-120.6
12.092	242.7	-120.5
12.1	242.8	-120.6
12.108	242.5	-120.7
12.117	242.3	-120.8
12.125	241.7	-120.9
12.133	241.4	-121.3
12.142	240.6	-121.5
12.15	239.3	-121.6
12.158	238.5	-122.1
12.167	236.9	-122.5
12.175	235.4	-123.2
12.183	233.5	-123.7
12.192	231.4	-123.9
12.2	229.4	-124.2
12.208	227	-124.8
12.217	224.7	-125.1
12.225	221.8	-125.6
12.233	219.1	-126.6
12.242	216	-127
12.25	213	-127.5
12.258	209.5	-127.7
12.267	205.9	-128.3
12.275	202.3	-129.2
12.283	198.4	-129.8
12.292	194.5	-130.2
12.3	190.5	-131
12.308	186	-131.8
12.317	181.6	-132.3
12.325	177.2	-133.2
12.333	172.2	-133.8
12.342	167.3	-134.5
12.35	162.2	-134.9
12.358	157.1	-135.5
12.367	151.9	-136.2
12.375	146.6	-137.1
12.383	141	-137.5
12.392	135.2	-138.4
12.4	129.4	-138.8
12.408	123.7	-139.3
12.417	117.5	-139.8
12.425	111.6	-140.3
12.433	105.2	-140.9
12.442	99.37	-141.3
12.45	93.11	-141.7
12.458	86.82	-141.6
12.467	80.31	-142.1
12.475	73.74	-142.6
12.483	67.25	-142.8
12.492	60.8	-142.7
12.5	54.32	-143.1
12.508	47.73	-143.3
12.517	41.18	-143.6
12.525	34.39	-143.7
12.533	27.61	-143.7
12.542	20.89	-143.8
12.55	14.28	-143.9
12.558	7.733	-143.7
12.567	0.919	-143.7
12.575	-5.778	-143.7
12.583	-12.53	-143.8
12.592	-19.05	-143.5
12.6	-25.7	-143.6
12.608	-32.41	-143.4
12.617	-38.95	-143.4
12.625	-45.6	-143.1
12.633	-52.35	-143.1
12.642	-58.96	-143
12.65	-65.33	-142.4
12.658	-71.86	-142.4
12.667	-78.29	-142
12.675	-84.94	-142
12.683	-91.31	-141.4
12.692	-97.69	-140.9
12.7	-104.1	-140.3
12.708	-110.6	-139.8
12.717	-116.7	-139.4
12.725	-123	-138.7
12.733	-128.8	-138.2
12.742	-134.9	-137.8
12.75	-140.7	-137
12.758	-146.5	-136.4
12.767	-152.1	-135.8
12.775	-157.9	-135.4
12.783	-163.5	-134.7
12.792	-168.9	-133.9
12.8	-174.3	-132.9
12.808	-179.3	-132.3
12.817	-184.5	-131.7
12.825	-189.6	-130.9
12.833	-194.3	-130.3
12.842	-199	-129.7
12.85	-203.4	-128.8
12.858	-207.9	-128.3
12.867	-212.2	-127.7
12.875	-216.4	-126.8
12.883	-220.5	-126.4
12.892	-224.3	-125.6
12.9	-227.8	-125.1
12.908	-231.2	-124.5
12.917	-234.5	-123.9
12.925	-237.7	-123.4
12.933	-240.7	-122.9
12.942	-243.2	-122.3
12.95	-246	-121.8
12.958	-248.4	-121.2
12.967	-250.7	-120.8
12.975	-252.7	-120
12.983	-254.9	-119.9
12.992	-256.6	-119.6
13	-258.2	-119.1
13.008	-259.7	-118.6
13.017	-261.1	-118.4
13.025	-262.3	-117.9
13.033	-263	-117.4
13.042	-263.7	-117.3
13.05	-264.3	-116.8
13.058	-264.5	-116.7
13.067	-264.5	-116.5
13.075	-264.7	-116.5
13.083	-264.6	-116.5
13.092	-263.9	-116.3
13.1	-263.4	-116.3
13.108	-262.3	-116.5
13.117	-261.3	-116.5
13.125	-260.3	-116.7
13.133	-258.9	-116.9
13.142	-257.2	-117
13.15	-255.4	-117.2
13.158	-253.6	-117.5
13.167	-251.6	-117.6
13.175	-249.6	-117.8
13.183	-247	-118.3
13.192	-244.7	-118.7
13.2	-241.9	-118.9
13.208	-238.7	-119.5
13.217	-235.8	-119.7
13.225	-232.5	-120.2
13.233	-229.4	-120.7
13.242	-225.8	-121.3
13.25	-222.3	-121.6
13.258	-218.5	-122
13.267	-214.5	-122.4
13.275	-210.7	-122.7
13.283	-206.3	-123.2
13.292	-202.1	-123.7
13.3	-197.5	-124.3
13.308	-193.1	-124.7
13.317	-188.2	-125.2
13.325	-183.5	-126.1
13.333	-178.5	-126.5
13.342	-173.6	-126.9
13.35	-168.2	-127.4
13.358	-163	-127.9
13.367	-157.2	-128.1
13.375	-151.7	-128.7
13.383	-146.1	-129.4
13.392	-140.3	-129.8
13.4	-134.4	-130.1
13.408	-128.8	-130.6
13.417	-122.6	-131.1
13.425	-116.7	-131.6
13.433	-110.5	-131.8
13.442	-104.4	-132.3
13.45	-98.12	-132.6
13.458	-91.95	-132.7
13.467	-85.33	-133
13.475	-78.84	-133.4
13.483	-72.26	-133.7
13.492	-65.84	-133.9
13.5	-59.28	-133.8
13.508	-52.6	-133.9
13.517	-45.79	-134.2
13.525	-39.17	-134.3
13.533	-32.56	-134.6
13.542	-25.96	-134.7
13.55	-18.6	-134.7
13.558	-12.11	-134.5
13.567	-5.43	-134.6
13.575	1.306	-134.6
13.583	7.946	-134.6
13.592	14.34	-134.6
13.6	21.28	-134.2
13.608	27.77	-133.9
13.617	34.27	-133.7
13.625	40.82	-133.6
13.633	47.32	-133.4
13.642	53.93	-133.1
13.65	60.14	-132.8
13.658	66.87	-132.2
13.667	72.6	-131.9
13.675	79.1	-131.6
13.683	85.28	-131.1
13.692	91.15	-131
13.7	97.47	-130.4
13.708	103.3	-129.9
13.717	109.2	-129.4
13.725	114.7	-128.9
13.733	120.4	-128.5
13.742	125.8	-127.9
13.75	131.4	-127.5
13.758	136.6	-126.8
13.767	141.8	-126.1
13.775	146.8	-125.7
13.783	151.6	-125.5
13.792	156.6	-125.1
13.8	161.1	-124.6
13.808	165.7	-123.8
13.817	170.3	-123.6
13.825	174.5	-123
13.833	178.6	-122.4
13.842	182.6	-121.9
13.85	186.6	-121.4
13.858	190.2	-120.9
13.867	194.2	-120.5
13.875	197.4	-119.9
13.883	200.7	-119.5
13.892	203.8	-118.7
13.9	206.8	-118.4
13.908	209.3	-118
13.917	212.2	-117.5
13.925	214.8	-117.1
13.933	217.3	-117.3
13.942	219.1	-117
13.95	221.3	-116.6
13.958	223.4	-116.4
13.967	224.7	-115.7
13.975	226.2	-115.9
13.983	227.5	-115.5
13.992	228.7	-115.4
14	229.7	-115.3
14.008	230.5	-115.3
14.017	231.1	-115.5
14.025	231.5	-115.3
14.033	231.7	-115.4
14.042	231.7	-115.5
14.05	231.5	-115.6
14.058	231.2	-115.8
14.067	230.7	-115.7
14.075	229.7	-115.6
14.083	229.2	-116.3
14.092	228.2	-116.6
14.1	227.1	-116.8
14.108	225.6	-116.5
14.117	224.1	-116.8
14.125	222.4	-117.2
14.133	220.6	-117.5
14.142	218.5	-117.5
14.15	216.4	-118
14.158	213.6	-117.9
14.167	211.2	-118.7
14.175	208.6	-119
14.183	205.5	-119.4
14.192	202.3	-120
14.2	199.3	-120.3
14.208	195.7	-120.6
14.217	192.3	-120.9
14.225	188.7	-121.3
14.233	184.7	-121.7
14.242	180.6	-122.3
14.25	176.3	-122.9
14.258	172.3	-123.5
14.267	167.9	-123.7
14.275	163.4	-124.4
14.283	158.5	-124.8
14.292	153.7	-125.5
14.3	148.9	-125.7
14.308	143.8	-126.1
14.317	138.4	-126.8
14.325	133.3	-127.4
14.333	128.2	-128.2
14.342	122.5	-128.6
14.35	117.1	-129.4
14.358	111.5	-129.7
14.367	105.6	-129.8
14.375	99.92	-130.3
14.383	93.72	-130.7
14.392	87.81	-131.3
14.4	81.39	-131.9
14.408	75.37	-132.1
14.417	69.37	-132.7
14.425	63.28	-133.1
14.433	56.66	-133.4
14.442	50.26	-133.9
14.45	43.69	-134
14.458	37.24	-133.9
14.467	30.8	-133.8
14.475	24.28	-134
14.483	17.63	-134.2
14.492	11.11	-134.4
14.5	4.401	-134.6
14.508	-2.395	-134.5
14.517	-8.716	-134.4
14.525	-15.48	-134.4
14.533	-22.1	-134.4
14.542	-28.91	-134.6
14.55	-35.58	-134.5
14.558	-41.83	-134.4
14.567	-48.5	-134.1
14.575	-54.91	-134.2
14.583	-61.52	-133.9
14.592	-67.95	-133.8
14.6	-74.57	-133.5
14.608	-80.62	-133.1
14.617	-86.99	-132.9
14.625	-93.38	-132.6
14.633	-99.58	-132.2
14.642	-105.9	-132
14.65	-111.7	-131.6
14.658	-117.6	-131.1
14.667	-123.7	-130.7
14.675	-129.4	-130.2
14.683	-135.4	-129.8
14.692	-141.2	-129.5
14.7	-146.9	-129
14.708	-152.4	-128.7
14.717	-157.7	-127.9
14.725	-163.2	-127.4
14.733	-168.5	-126.9
14.742	-173.6	-126.6
14.75	-178.6	-126.1
14.758	-183.3	-125.6
14.767	-188.2	-124.9
14.775	-192.9	-124.5
14.783	-197.5	-123.9
14.792	-201.7	-123.5
14.8	-205.9	-122.7
14.808	-209.5	-122.2
14.817	-213.5	-121.9
14.825	-217.2	-121.4
14.833	-221.2	-120.8
14.842	-224.5	-120.6
14.85	-227.7	-120.3
14.858	-231	-119.9
14.867	-233.7	-119.4
14.875	-236.8	-118.9
14.883	-239.5	-118.6
14.892	-241.9	-118.5
14.9	-244.3	-117.9
14.908	-246.3	-117.3
14.917	-248.3	-117.1
14.925	-250.3	-116.9
14.933	-252.1	-116.8
14.942	-253.7	-116.6
14.95	-254.9	-116.5
14.958	-255.9	-116.4
14.967	-256.9	-116.2
14.975	-257.6	-116.2
14.983	-258.2	-116.2
14.992	-258.8	-116.3
15	-258.9	-116.4
15.008	-258.9	-116.4
15.017	-258.8	-116.4
15.025	-258.7	-116.5
15.033	-258.2	-116.7
15.042	-257.6	-116.7
15.05	-256.8	-116.9
15.058	-255.8	-116.9
15.067	-254.7	-116.9
15.075	-253.1	-117.1
15.083	-251.7	-117.7
15.092	-250	-118
15.1	-247.9	-118.4
15.108	-245.9	-118.7
15.117	-243.7	-118.8
15.125	-241.2	-119.3
15.133	-238.8	-119.9
15.142	-236	-120.4
15.15	-233.3	-120.9
15.158	-230.3	-121.4
15.167	-227.2	-121.7
15.175	-223.7	-122.4
15.183	-220.3	-122.9
15.192	-216.9	-123.5
15.2	-213.2	-124
15.208	-209	-124.4
15.217	-205	-125.2
15.225	-200.8	-125.9
15.233	-196.4	-126.4
15.242	-191.9	-127.3
15.25	-187.3	-127.9
15.258	-182.6	-128.6
15.267	-177.6	-129.1
15.275	-172.9	-129.8
15.283	-167.8	-130.3
15.292	-162.6	-131
15.3	-157.1	-131.7
15.308	-151.8	-132.3
15.317	-146.3	-132.6
15.325	-140.7	-133.2
15.333	-135	-134
15.342	-129.1	-134.1
15.35	-123.6	-134.9
15.358	-117.4	-135.3
15.367	-111.4	-135.9
15.375	-105	-136.3
15.383	-98.99	-136.9
15.392	-92.74	-137.2
15.4	-86.56	-137.5
15.408	-80.07	-137.7
15.417	-73.87	-138.3
15.425	-67.36	-138.5
15.433	-60.9	-138.8
15.442	-54.54	-139
15.45	-47.86	-139.4
15.458	-41.02	-139.6
15.467	-34.77	-139.7
15.475	-28.34	-139.8
15.483	-21.68	-140.1
15.492	-14.94	-140.6
15.5	-8.483	-140.5
15.508	-1.752	-140.5
15.517	4.966	-140.4
15.525	11.59	-140.4
15.533	18.12	-140.6
15.542	24.49	-140.5
15.55	30.94	-140.5
15.558	37.35	-140.4
15.567	43.89	-140.1
15.575	50.33	-140.3
15.583	56.82	-140
15.592	63.02	-140.4
15.6	69.15	-140
15.608	75.48	-139.6
15.617	81.64	-139.1
15.625	87.43	-138.9
15.633	93.51	-138.5
15.642	99.53	-138.3
15.65	105.2	-137.9
15.658	111.1	-137.4
15.667	116.9	-136.6
15.675	122.4	-136.3
15.683	127.5	-135.7
15.692	127.5	-135.7
15.7	133.1	-135.3
15.708	138.3	-134.9
15.717	143.7	-134.3
15.725	148.3	-133.8
15.733	153.4	-133.1
15.742	158.1	-132.7
15.75	163	-132.3
15.758	167.2	-132
15.767	171.5	-131.4
15.775	176	-130.8
15.783	180.2	-130.3
15.792	184.3	-129.9
15.8	188.1	-129.5
15.808	191.7	-128.9
15.817	195.4	-128.4
15.825	198.8	-127.7
15.833	201.8	-127.3
15.842	204.6	-126.8
15.85	207.6	-126.5
15.858	210.4	-126.4
15.867	212.8	-125.6
15.875	215.3	-125.5
15.883	217.4	-124.9
15.892	219.6	-124.3
15.9	221.6	-124.2
15.908	223.3	-124.1
15.917	224.6	-123.8
15.925	226	-123.5
15.933	227.4	-123.2
15.942	228.5	-122.9
15.95	229.3	-122.7
15.958	230.1	-122.8
15.967	230.6	-122.4
15.975	231.1	-122.6
15.983	231.3	-122.3
15.992	231.4	-122.4
16	231.1	-122.6
16.008	230.8	-122.3
16.017	230.1	-122.8
16.025	229.4	-122.6
16.033	228.5	-122.6
16.042	227.4	-122.8
16.05	226.3	-122.9
16.058	224.7	-122.9
16.067	223.2	-123.3
16.075	221.5	-123.3
16.083	219.6	-123.4
16.092	217.3	-123.9
16.1	215.3	-124.2
16.108	213	-124.7
16.117	210.3	-124.8
16.125	207.9	-125
16.133	204.8	-125.3
16.142	201.5	-125.7
16.15	198.4	-126.3
16.158	194.9	-126.6
16.167	191.4	-127.1
16.175	187.7	-127.5
16.183	183.9	-127.7
16.192	179.8	-128.2
16.2	175.7	-128.6
16.208	171.5	-129.2
16.217	167.1	-129.8
16.225	162.5	-129.7
16.233	158.1	-130.3
16.242	153.3	-130.6
16.25	148.4	-130.9
16.258	143.7	-131.4
16.267	138.4	-131.7
16.275	133.2	-132.2
16.283	128	-132.6
16.292	122.5	-132.6
16.3	116.9	-133.1
16.308	111.4	-133.8
16.317	105.5	-133.9
16.325	99.64	-134.2
16.333	93.57	-134.4
16.342	87.64	-134.8
16.35	81.43	-135
16.358	75.39	-135.3
16.367	69.15	-135.8
16.375	63.02	-135.8
16.383	56.97	-135.7
16.392	50.58	-135.7
16.4	44.08	-136
16.408	38.07	-136.3
16.417	31.45	-136.4
16.425	24.95	-136.4
16.433	18.33	-136.6
16.442	11.97	-136.5
16.45	5.107	-136.8
16.458	-1.347	-136.6
16.467	-8.095	-136.7
16.475	-14.68	-136.7
16.483	-20.85	-136.7
16.492	-27.45	-136.4
16.5	-33.74	-136.4
16.508	-40.1	-136.3
16.517	-46.69	-136.4
16.525	-53.24	-136
16.533	-59.7	-135.9
16.542	-66.09	-135.5
16.55	-72.43	-135.3
16.558	-78.51	-134.8
16.567	-84.75	-134.6
16.575	-90.92	-133.8
16.583	-97.14	-133
16.592	-103	-132.7
16.6	-109.1	-132.1
16.608	-115	-131.8
16.617	-121	-131.4
16.625	-126.7	-130.8
16.633	-132.2	-130
16.642	-137.7	-129
16.65	-144.6	-123.9
16.658	-149.9	-123.5
16.667	-154.9	-122.9
16.675	-159.8	-122.2
16.683	-165.1	-121.4
16.692	-169.9	-121.4
16.7	-175	-120.8
16.708	-179.5	-120.3
16.717	-184	-119.8
16.725	-188.3	-119.2
16.733	-192.8	-119
16.742	-196.9	-118.5
16.75	-201.3	-117.7
16.758	-205.2	-117.3
16.767	-209.4	-116.6
16.775	-212.8	-116.5
16.783	-216.5	-115.8
16.792	-219.8	-115.6
16.8	-223.2	-114.9
16.808	-226.2	-114.4
16.817	-229.3	-113.8
16.825	-232.2	-113.6
16.833	-234.8	-112.8
16.842	-237.2	-112.3
16.85	-239.6	-112.1
16.858	-241.6	-111.7
16.867	-243.5	-111.3
16.875	-245.6	-110.8
16.883	-247.1	-110.5
16.892	-248.7	-110
16.9	-249.8	-109.7
16.908	-251	-109.8
16.917	-251.7	-109.6
16.925	-252.5	-109.4
16.933	-253.3	-109.4
16.942	-253.6	-109.6
16.95	-253.8	-109.7
16.958	-253.8	-109.7
16.967	-253.6	-109.6
16.975	-253.4	-109.6
16.983	-252.8	-109.8
16.992	-252.1	-109.8
17	-251.4	-109.9
17.008	-250.2	-110.1
17.017	-249.3	-110.4
17.025	-247.8	-110.8
17.033	-246.5	-110.9
17.042	-244.6	-111.5
17.05	-242.7	-111.7
17.058	-240.7	-111.9
17.067	-238.5	-112
17.075	-236.2	-112.4
17.083	-233.8	-112.8
17.092	-231	-112.9
17.1	-227.8	-113.3
17.108	-224.8	-113.6
17.117	-221.7	-114
17.125	-218.4	-114.5
17.133	-215	-114.8
17.142	-211.2	-115.4
17.15	-207.7	-115.9
17.158	-203.6	-116.4
17.167	-199.8	-116.9
17.175	-195.6	-117.7
17.183	-191.4	-117.9
17.192	-186.8	-118.7
17.2	-182	-119.1
17.208	-177.6	-119.8
17.217	-172.8	-120.4
17.225	-167.7	-121.2
17.233	-162.7	-121.7
17.242	-157.4	-122.3
17.25	-152.4	-123
17.258	-147	-123.6
17.267	-141.5	-123.9
17.275	-136.1	-124.5
17.283	-130.7	-125
17.292	-124.8	-125.5
17.3	-119	-125.8
17.308	-113.2	-126.4
17.317	-107.5	-126.9
17.325	-101.4	-127.2
17.333	-95.19	-127.7
17.342	-89.38	-128
17.35	-82.99	-128.5
17.358	-76.8	-128.7
17.367	-70.58	-129
17.375	-64.21	-129.3
17.383	-57.85	-129.7
17.392	-51.64	-130
17.4	-44.98	-130.4
17.408	-38.61	-130.6
17.417	-32.1	-130.7
17.425	-25.85	-130.9
17.433	-19.29	-131
17.442	-12.85	-131.1
17.45	-6.232	-131.4
17.458	0.199	-131.5
17.467	6.735	-131.4
17.475	13.25	-131.6
17.483	19.52	-131.6
17.492	25.98	-131.6
17.5	32.21	-131.7
17.508	38.57	-131.6
17.517	44.89	-131.5
17.525	51.21	-131.4
17.533	57.46	-131.2
17.542	63.28	-131
17.55	69.36	-130.6
17.558	75.49	-130.5
17.567	81.45	-130.3
17.575	87.27	-130
17.583	93.27	-129.9
17.592	99.12	-129.7
17.6	104.7	-129.3
17.608	110.3	-129
17.617	115.9	-128.6
17.625	121.2	-128.4
17.633	126.4	-128
17.642	131.6	-127.6
17.65	136.7	-127.2
17.658	141.5	-126.8
17.667	146.5	-126.6
17.675	151.3	-126.2
17.683	155.7	-125.9
17.692	160.3	-125.7
17.7	164.6	-125
17.708	168.8	-124.6
17.717	172.7	-124.4
17.725	176.7	-124
17.733	180.4	-123.6
17.742	184.2	-123.2
17.75	187.6	-122.8
17.758	191.1	-122.6
17.767	194.4	-122.3
17.775	197.5	-122
17.783	200.5	-121.6
17.792	203.2	-121.3
17.8	205.7	-120.9
17.808	208.2	-120.5
17.817	210.3	-120.3
17.825	212.6	-120
17.833	214.5	-119.7
17.842	216.4	-119.6
17.85	218.2	-119.5
17.858	219.6	-119.3
17.867	221	-119.2
17.875	222.1	-119.2
17.883	223.1	-119.1
17.892	224	-119.1
17.9	224.4	-119.3
17.908	225	-119.4
17.917	225.3	-119.4
17.925	225.5	-119.4
17.933	225.1	-119.5
17.942	225.1	-119.7
17.95	224.7	-119.6
17.958	224.1	-119.9
17.967	223.2	-119.9
17.975	222.4	-119.9
17.983	221.3	-119.9
17.992	220	-120.4
18	218.6	-120.5
18.008	216.9	-120.8
18.017	215.2	-121.2
18.025	213.1	-121.6
18.033	211.2	-121.8
18.042	209	-122.4
18.05	206.5	-122.7
18.058	203.8	-122.8
18.067	201	-123.4
18.075	198.2	-123.8
18.083	195.2	-124.1
18.092	192.1	-124.8
18.1	188.8	-125
18.108	185.2	-125.8
18.117	181.4	-126.1
18.125	177.5	-126.8
18.133	173.5	-127.2
18.142	169.4	-127.9
18.15	165.3	-128.6
18.158	160.8	-128.9
18.167	156.3	-129.1
18.175	151.5	-129.8
18.183	147.1	-130.4
18.192	142.1	-130.8
18.2	137.2	-131.3
18.208	132.3	-131.8
18.217	127.2	-132.1
18.225	121.8	-132.6
18.233	116.4	-133.1
18.242	110.7	-133.5
18.25	105.1	-134
18.258	99.5	-134.1
18.267	93.62	-134.7
18.275	87.72	-134.9
18.283	81.76	-135
18.292	75.72	-135.3
18.3	69.62	-135.8
18.308	63.5	-135.9
18.317	57.53	-136.1
18.325	51.17	-136.5
18.333	45	-136.7
18.342	38.41	-136.9
18.35	32.11	-137
18.358	25.73	-136.9
18.367	19.32	-136.9
18.375	12.93	-137.1
18.383	6.328	-137.3
18.392	-0.07511	-137.3
18.4	-6.753	-137.4
18.408	-13.26	-137
18.417	-19.64	-136.9
18.425	-26.42	-136.9
18.433	-32.7	-136.8
18.442	-39.22	-136.6
18.45	-45.75	-136.5
18.458	-51.96	-136.4
18.467	-58.44	-135.8
18.475	-64.69	-135.7
18.483	-70.95	-135.2
18.492	-77.25	-134.9
18.5	-83.38	-134.6
18.508	-89.65	-134.5
18.517	-95.89	-133.9
18.525	-101.8	-133.6
18.533	-107.6	-133
18.542	-113.6	-132.6
18.55	-119.5	-132.1
18.558	-125.3	-131.7
18.567	-130.8	-131.3
18.575	-136.5	-130.8
18.583	-142	-130.3
18.592	-147.6	-129.9
18.6	-152.7	-129.4
18.608	-158	-128.9
18.617	-162.9	-128.4
18.625	-167.9	-127.8
18.633	-172.7	-127.4
18.642	-177.6	-126.8
18.65	-181.9	-126.4
18.658	-186.5	-125.7
18.667	-190.8	-125
18.675	-195.1	-124.7
18.683	-199.1	-124
18.692	-203.2	-123.7
18.7	-207.4	-122.9
18.708	-211	-122.6
18.717	-214.6	-121.9
18.725	-217.8	-121.7
18.733	-221.2	-120.8
18.742	-224.2	-120.5
18.75	-227.6	-119.9
18.758	-229.9	-119.7
18.767	-232.6	-119.2
18.775	-235.2	-118.8
18.783	-237.5	-118.5
18.792	-239.7	-118.2
18.8	-241.8	-117.9
18.808	-243.4	-117.5
18.817	-245	-117.2
18.825	-246.7	-117
18.833	-248.2	-116.8
18.842	-249.5	-116.7
18.85	-250.5	-116.6
18.858	-251.4	-116.3
18.867	-251.8	-116.3
18.875	-252.3	-116.2
18.883	-252.8	-116.3
18.892	-252.8	-116.4
18.9	-252.7	-116.5
18.908	-252.5	-116.4
18.917	-252	-116.3
18.925	-251.6	-116.5
18.933	-250.9	-116.7
18.942	-249.8	-116.9
18.95	-248.8	-116.9
18.958	-247.5	-116.8
18.967	-246.2	-116.8
18.975	-244.8	-117
18.983	-242.8	-117.3
18.992	-240.9	-117.7
19	-238.8	-117.9
19.008	-236.6	-118.3
19.017	-234.3	-118.6
19.025	-231.8	-118.9
19.033	-228.9	-119.2
19.042	-226.1	-119.8
19.05	-223.4	-120
19.058	-219.9	-120.7
19.067	-216.6	-121.1
19.075	-213.3	-121.6
19.083	-209.7	-121.9
19.092	-205.8	-122.5
19.1	-202.1	-122.9
19.108	-198	-123.5
19.117	-193.8	-123.9
19.125	-189.4	-124.5
19.133	-185.2	-124.8
19.142	-180.6	-125.5
19.15	-175.8	-126.2
19.158	-171.2	-126.7
19.167	-166.5	-127.2
19.175	-161.6	-127.8
19.183	-156.5	-128.2
19.192	-151.4	-128.8
19.2	-145.9	-129.5
19.208	-140.6	-129.8
19.217	-135	-130.1
19.225	-129.6	-130.7
19.233	-123.8	-131.4
19.242	-118.2	-131.5
19.25	-112.8	-132
19.258	-106.7	-132.5
19.267	-100.9	-132.8
19.275	-94.66	-133.4
19.283	-88.71	-133.7
19.292	-82.74	-133.9
19.3	-76.41	-134.5
19.308	-70.3	-134.7
19.317	-64.39	-134.9
19.325	-57.93	-135.4
19.333	-51.62	-135.6
19.342	-45.09	-135.8
19.35	-38.98	-136
19.358	-32.53	-135.9
19.367	-26.15	-135.9
19.375	-19.75	-136.1
19.383	-13.23	-136.2
19.392	-7.027	-136.4
19.4	-0.796	-136.5
19.408	5.627	-136.6
19.417	12.11	-136.7
19.425	18.48	-136.6
19.433	24.75	-136.4
19.442	31.01	-136.5
19.45	37.35	-136.2
19.458	43.46	-135.8
19.467	49.45	-135.8
19.475	55.63	-135.7
19.483	61.72	-135.5
19.492	67.77	-135.3
19.5	73.74	-135
19.508	79.55	-134.8
19.517	85.41	-134.5
19.525	91.15	-134.1
19.533	96.98	-133.9
19.542	102.4	-133.7
19.55	107.8	-133.4
19.558	113.1	-132.9
19.567	118.5	-132.6
19.575	123.8	-132
19.583	128.8	-131.5
19.592	133.7	-131.4
19.6	138.7	-130.8
19.608	143.4	-130.5
19.617	148.1	-129.8
19.625	152.6	-129.4
19.633	157.2	-128.9
19.642	161.4	-128.5
19.65	165.6	-127.9
19.658	169.4	-127.6
19.667	173.3	-127
19.675	177.2	-126.8
19.683	180.8	-126.4
19.692	184.2	-125.9
19.7	187.5	-125.6
19.708	190.5	-125.3
19.717	193.5	-124.8
19.725	196.3	-124.6
19.733	199	-124.2
19.742	201.6	-123.8
19.75	203.9	-123.7
19.758	206	-123.4
19.767	208.1	-123.1
19.775	210.2	-123
19.783	212	-122.8
19.792	213.5	-122.5
19.8	215	-122.6
19.808	216.3	-122.3
19.817	217.3	-122
19.825	218.3	-121.8
19.833	219.1	-121.8
19.842	219.7	-121.7
19.85	220.2	-121.7
19.858	220.4	-121.6
19.867	220.4	-121.5
19.875	220.3	-121.6
19.883	220.1	-121.7
19.892	219.5	-121.7
19.9	218.8	-121.7
19.908	218	-121.9
19.917	217.1	-121.9
19.925	216	-121.9
19.933	214.6	-122.1
19.942	213.1	-122.5
19.95	211.4	-122.6
19.958	209.6	-122.8
19.967	207.6	-122.9
19.975	205.4	-123.3
19.983	203.1	-123.7
19.992	200.6	-123.9
20	197.8	-124.3
20.008	195	-124.6
20.017	192.2	-125
20.025	189.2	-125.3
20.033	186	-125.8
20.042	182.8	-126
20.05	179.2	-126.3
20.058	175.5	-126.8
20.067	171.6	-127.1
20.075	167.5	-127.6
20.083	163.6	-127.9
20.092	159.3	-128.5
20.1	154.8	-128.8
20.108	150.2	-129.1
20.117	145.6	-129.7
20.125	140.8	-130.3
20.133	136.1	-130.7
20.142	131.2	-131.1
20.15	126.2	-131.7
20.158	121.1	-132.1
20.167	116	-132.7
20.175	110.6	-132.9
20.183	105.2	-133.5
20.192	99.86	-133.8
20.2	94.18	-134.2
20.208	88.41	-134.6
20.217	82.59	-134.8
20.225	76.65	-134.9
20.233	70.94	-135.2
20.242	64.74	-135.6
20.25	58.67	-135.7
20.258	52.59	-135.8
20.267	46.36	-135.9
20.275	40.25	-136.2
20.283	34.17	-136.4
20.292	27.89	-136.4
20.3	21.34	-136.7
20.308	15.15	-136.8
20.317	8.994	-136.7
20.325	2.289	-136.7
20.333	-3.925	-136.6
20.342	-10.21	-136.4
20.35	-16.67	-136.3
20.358	-22.97	-136.2
20.367	-29.21	-136
20.375	-35.77	-135.9
20.383	-41.98	-135.9
20.392	-48.26	-135.6
20.4	-54.68	-135.3
20.408	-61.03	-134.9
20.417	-67.35	-134.6
20.425	-73.36	-134.4
20.433	-79.53	-134.1
20.442	-85.69	-133.8
20.45	-91.47	-133.2
20.458	-97.61	-132.8
20.467	-103.4	-132.4
20.475	-109.3	-131.8
20.483	-115.1	-131.4
20.492	-121	-131
20.5	-126.5	-130.2
20.508	-132.1	-129.7
20.517	-137.6	-129.2
20.525	-142.9	-128.9
20.533	-148	-128
20.542	-153.5	-127.7
20.55	-158.6	-126.9
20.558	-163.5	-126.5
20.567	-168.6	-125.7
20.575	-173.3	-125.2
20.583	-178	-124.6
20.592	-182.5	-124.1
20.6	-187	-123.6
20.608	-191.3	-123
20.617	-195.6	-122.7
20.625	-199.6	-122.1
20.633	-203.5	-121.6
20.642	-207.5	-120.9
20.65	-210.8	-120.5
20.658	-214.4	-119.8
20.667	-217.6	-119.5
20.675	-220.9	-119
20.683	-223.8	-118.7
20.692	-226.5	-118.1
20.7	-229.5	-117.8
20.708	-231.9	-117.4
20.717	-234.6	-117
